1.2609883e+00 1.4446921e+00 6.5302587e-01
1.3886484e+00 8.1770147e-01 4.6538907e-01
1.5134056e+00 1.0096159e+00 5.5474249e-01
2.1220248e-02 1.4089688e+00 3.6926733e-01
2.1376352e+00 2.2189866e+00 6.0432613e-01
2.9810486e+00 2.5365970e+00 5.1643440e-01
3.0011678e+00 3.9461921e+00 2.3867139e-01
3.4931954e+00 3.6718171e+00 3.1365517e-01
4.3675193e+00 3.0295443e+00 5.1347769e-01
4.9672068e+00 3.1835876e+00 2.7431628e-01
5.0115009e+00 3.6809244e+00 5.1978511e-01
5.6506716e+00 2.9729951e+00 4.8665327e-01
5.7225475e+00 4.5137778e+00 2.9029569e-01
5.7852903e-01 2.8887496e-02 6.2992285e-01
7.5130416e+00 4.9506518e+00 6.0266024e-01
7.6629936e+00 4.9207529e+00 4.3761758e-01
7.6833515e+00 4.4628873e+00 5.4420075e-01
8.2381657e+00 5.0851679e+00 2.8178308e-01
9.0946481e+00 5.0954288e+00 5.6466086e-01
9.5110736e+00 5.7800915e+00 4.9030877e-01
